.788 1.286 .337
.638 1.349 .291
.672 1.495 .332
1.144 1.809 .565
1.111 1.919 .478
.922 1.912 .474
.911 1.068 .526
.988 1.075 .581
.957 1.099 .455
.961 1.122 .537
.920 1.055 .474
.930 1.070 .456
.883 1.088 .558
1.051 1.067 .579
.929 1.087 .506
.998 1.223 .527
1.074 1.101 .489
.930 1.120 .535
.973 1.101 .525
1.004 1.106 .451
.886 1.128 .508
1.032 1.136 .505
1.125 1.127 .452
.946 1.110 .426
.908 1.298 .523
1.104 1.304 .433
.888 1.289 .460
.907 1.296 .536
1.013 1.321 .471
.904 1.286 .444
2.499 1.248 9.532
1.368 1.219 .906
1.344 1.996 .875
